[LEFT_CAM_2K]
fx=1396.88
fy=1396.88
cx=1070.6
cy=601.804
k1=-0.174012
k2=0.0275747
k3=0
p1=0.00117564
p2=-0.000196576

[RIGHT_CAM_2K]
fx=1397.66
fy=1397.66
cx=1079.7
cy=608.786
k1=-0.174913
k2=0.0284623
k3=0
p1=0.00122514
p2=-0.000228365

[LEFT_CAM_FHD]
fx=1396.88
fy=1396.88
cx=926.6
cy=520.804
k1=-0.174012
k2=0.0275747
k3=0
p1=0.00117564
p2=-0.000196576

[RIGHT_CAM_FHD]
fx=1397.66
fy=1397.66
cx=935.7
cy=527.786
k1=-0.174913
k2=0.0284623
k3=0
p1=0.00122514
p2=-0.000228365

[LEFT_CAM_HD]
fx=698.44
fy=698.44
cx=621.8
cy=348.902
k1=-0.174012
k2=0.0275747
k3=0
p1=0.00117564
p2=-0.000196576

[RIGHT_CAM_HD]
fx=698.83
fy=698.83
cx=626.35
cy=352.393
k1=-0.174913
k2=0.0284623
k3=0
p1=0.00122514
p2=-0.000228365

[LEFT_CAM_VGA]
fx=349.22
fy=349.22
cx=326.4
cy=181.951
k1=-0.174012
k2=0.0275747
k3=0
p1=0.00117564
p2=-0.000196576

[RIGHT_CAM_VGA]
fx=349.415
fy=349.415
cx=328.675
cy=183.6965
k1=-0.174913
k2=0.0284623
k3=0
p1=0.00122514
p2=-0.000228365

[STEREO]
Baseline=120.004
TY=-0.0039047
TZ=0.00824702
CV_2K=0.0185061
CV_FHD=0.0185061
CV_HD=0.0185061
CV_VGA=0.0185061
RX_2K=0.00244228
RX_FHD=0.00244228
RX_HD=0.00244228
RX_VGA=0.00244228
RZ_2K=-0.00307109
RZ_FHD=-0.00307109
RZ_HD=-0.00307109
RZ_VGA=-0.00307109

